20151104214730 2 6 100 2047 5 F047D43DE995E472590BC5C692FC459A503A45EDCBDDA5FCCF9C7CAF4BE1D0CE0520DFDC0CB4D2114262286429D425814A50287F1DD2C1EBF428C8F1EC55F8AD16D9D074D95A3B012ACE8974FEF0A71C81D3B170C35676AA373937AD047EB6724D8CE06B4FA7593952A092ADFBD005F18C667D268C4A0448791DB9C59263BBA20683D768EDD557207B861B3875847BB801ACB57A34901575C8CC8227E7345B0D31636D7E7C9FE3ADB213B6EEBB6B42455396DB0E1346FC7D914388D8E55E852AD8E2AA141DA437F66C3B1E1D89D954330D5A82D7CD7D0F4824A3092939B16ABC202471286F58AB38D0B2605D427647366D9299E48D6C831EA66DE70BDFE8D2FF
20151104214733 2 6 100 2047 2 F047D43DE995E472590BC5C692FC459A503A45EDCBDDA5FCCF9C7CAF4BE1D0CE0520DFDC0CB4D2114262286429D425814A50287F1DD2C1EBF428C8F1EC55F8AD16D9D074D95A3B012ACE8974FEF0A71C81D3B170C35676AA373937AD047EB6724D8CE06B4FA7593952A092ADFBD005F18C667D268C4A0448791DB9C59263BBA20683D768EDD557207B861B3875847BB801ACB57A34901575C8CC8227E7345B0D31636D7E7C9FE3ADB213B6EEBB6B42455396DB0E1346FC7D914388D8E55E852AD8E2AA141DA437F66C3B1E1D89D954330D5A82D7CD7D0F4824A3092939B16ABC202471286F58AB38D0B2605D427647366D9299E48D6C831EA66DE70BDFE95E73
20151104214758 2 6 100 2047 5 F047D43DE995E472590BC5C692FC459A503A45EDCBDDA5FCCF9C7CAF4BE1D0CE0520DFDC0CB4D2114262286429D425814A50287F1DD2C1EBF428C8F1EC55F8AD16D9D074D95A3B012ACE8974FEF0A71C81D3B170C35676AA373937AD047EB6724D8CE06B4FA7593952A092ADFBD005F18C667D268C4A0448791DB9C59263BBA20683D768EDD557207B861B3875847BB801ACB57A34901575C8CC8227E7345B0D31636D7E7C9FE3ADB213B6EEBB6B42455396DB0E1346FC7D914388D8E55E852AD8E2AA141DA437F66C3B1E1D89D954330D5A82D7CD7D0F4824A3092939B16ABC202471286F58AB38D0B2605D427647366D9299E48D6C831EA66DE70BE0394A1F
20151104214804 2 6 100 2047 2 F047D43DE995E472590BC5C692FC459A503A45EDCBDDA5FCCF9C7CAF4BE1D0CE0520DFDC0CB4D2114262286429D425814A50287F1DD2C1EBF428C8F1EC55F8AD16D9D074D95A3B012ACE8974FEF0A71C81D3B170C35676AA373937AD047EB6724D8CE06B4FA7593952A092ADFBD005F18C667D268C4A0448791DB9C59263BBA20683D768EDD557207B861B3875847BB801ACB57A34901575C8CC8227E7345B0D31636D7E7C9FE3ADB213B6EEBB6B42455396DB0E1346FC7D914388D8E55E852AD8E2AA141DA437F66C3B1E1D89D954330D5A82D7CD7D0F4824A3092939B16ABC202471286F58AB38D0B2605D427647366D9299E48D6C831EA66DE70BE048442B
20151104214814 2 6 100 2047 2 F047D43DE995E472590BC5C692FC459A503A45EDCBDDA5FCCF9C7CAF4BE1D0CE0520DFDC0CB4D2114262286429D425814A50287F1DD2C1EBF428C8F1EC55F8AD16D9D074D95A3B012ACE8974FEF0A71C81D3B170C35676AA373937AD047EB6724D8CE06B4FA7593952A092ADFBD005F18C667D268C4A0448791DB9C59263BBA20683D768EDD557207B861B3875847BB801ACB57A34901575C8CC8227E7345B0D31636D7E7C9FE3ADB213B6EEBB6B42455396DB0E1346FC7D914388D8E55E852AD8E2AA141DA437F66C3B1E1D89D954330D5A82D7CD7D0F4824A3092939B16ABC202471286F58AB38D0B2605D427647366D9299E48D6C831EA66DE70BE060FF4B
20151104214826 2 6 100 2047 2 F047D43DE995E472590BC5C692FC459A503A45EDCBDDA5FCCF9C7CAF4BE1D0CE0520DFDC0CB4D2114262286429D425814A50287F1DD2C1EBF428C8F1EC55F8AD16D9D074D95A3B012ACE8974FEF0A71C81D3B170C35676AA373937AD047EB6724D8CE06B4FA7593952A092ADFBD005F18C667D268C4A0448791DB9C59263BBA20683D768EDD557207B861B3875847BB801ACB57A34901575C8CC8227E7345B0D31636D7E7C9FE3ADB213B6EEBB6B42455396DB0E1346FC7D914388D8E55E852AD8E2AA141DA437F66C3B1E1D89D954330D5A82D7CD7D0F4824A3092939B16ABC202471286F58AB38D0B2605D427647366D9299E48D6C831EA66DE70BE08445AB
20151104214834 2 6 100 2047 5 F047D43DE995E472590BC5C692FC459A503A45EDCBDDA5FCCF9C7CAF4BE1D0CE0520DFDC0CB4D2114262286429D425814A50287F1DD2C1EBF428C8F1EC55F8AD16D9D074D95A3B012ACE8974FEF0A71C81D3B170C35676AA373937AD047EB6724D8CE06B4FA7593952A092ADFBD005F18C667D268C4A0448791DB9C59263BBA20683D768EDD557207B861B3875847BB801ACB57A34901575C8CC8227E7345B0D31636D7E7C9FE3ADB213B6EEBB6B42455396DB0E1346FC7D914388D8E55E852AD8E2AA141DA437F66C3B1E1D89D954330D5A82D7CD7D0F4824A3092939B16ABC202471286F58AB38D0B2605D427647366D9299E48D6C831EA66DE70BE0978D77
20151104214904 2 6 100 2047 2 F047D43DE995E472590BC5C692FC459A503A45EDCBDDA5FCCF9C7CAF4BE1D0CE0520DFDC0CB4D2114262286429D425814A50287F1DD2C1EBF428C8F1EC55F8AD16D9D074D95A3B012ACE8974FEF0A71C81D3B170C35676AA373937AD047EB6724D8CE06B4FA7593952A092ADFBD005F18C667D268C4A0448791DB9C59263BBA20683D768EDD557207B861B3875847BB801ACB57A34901575C8CC8227E7345B0D31636D7E7C9FE3ADB213B6EEBB6B42455396DB0E1346FC7D914388D8E55E852AD8E2AA141DA437F66C3B1E1D89D954330D5A82D7CD7D0F4824A3092939B16ABC202471286F58AB38D0B2605D427647366D9299E48D6C831EA66DE70BE0F3658B
20151104214931 2 6 100 2047 2 F047D43DE995E472590BC5C692FC459A503A45EDCBDDA5FCCF9C7CAF4BE1D0CE0520DFDC0CB4D2114262286429D425814A50287F1DD2C1EBF428C8F1EC55F8AD16D9D074D95A3B012ACE8974FEF0A71C81D3B170C35676AA373937AD047EB6724D8CE06B4FA7593952A092ADFBD005F18C667D268C4A0448791DB9C59263BBA20683D768EDD557207B861B3875847BB801ACB57A34901575C8CC8227E7345B0D31636D7E7C9FE3ADB213B6EEBB6B42455396DB0E1346FC7D914388D8E55E852AD8E2AA141DA437F66C3B1E1D89D954330D5A82D7CD7D0F4824A3092939B16ABC202471286F58AB38D0B2605D427647366D9299E48D6C831EA66DE70BE147283B
20151104214938 2 6 100 2047 2 F047D43DE995E472590BC5C692FC459A503A45EDCBDDA5FCCF9C7CAF4BE1D0CE0520DFDC0CB4D2114262286429D425814A50287F1DD2C1EBF428C8F1EC55F8AD16D9D074D95A3B012ACE8974FEF0A71C81D3B170C35676AA373937AD047EB6724D8CE06B4FA7593952A092ADFBD005F18C667D268C4A0448791DB9C59263BBA20683D768EDD557207B861B3875847BB801ACB57A34901575C8CC8227E7345B0D31636D7E7C9FE3ADB213B6EEBB6B42455396DB0E1346FC7D914388D8E55E852AD8E2AA141DA437F66C3B1E1D89D954330D5A82D7CD7D0F4824A3092939B16ABC202471286F58AB38D0B2605D427647366D9299E48D6C831EA66DE70BE1553D33
20151104214958 2 6 100 2047 2 F047D43DE995E472590BC5C692FC459A503A45EDCBDDA5FCCF9C7CAF4BE1D0CE0520DFDC0CB4D2114262286429D425814A50287F1DD2C1EBF428C8F1EC55F8AD16D9D074D95A3B012ACE8974FEF0A71C81D3B170C35676AA373937AD047EB6724D8CE06B4FA7593952A092ADFBD005F18C667D268C4A0448791DB9C59263BBA20683D768EDD557207B861B3875847BB801ACB57A34901575C8CC8227E7345B0D31636D7E7C9FE3ADB213B6EEBB6B42455396DB0E1346FC7D914388D8E55E852AD8E2AA141DA437F66C3B1E1D89D954330D5A82D7CD7D0F4824A3092939B16ABC202471286F58AB38D0B2605D427647366D9299E48D6C831EA66DE70BE191CC5B
20151104215002 2 6 100 2047 2 F047D43DE995E472590BC5C692FC459A503A45EDCBDDA5FCCF9C7CAF4BE1D0CE0520DFDC0CB4D2114262286429D425814A50287F1DD2C1EBF428C8F1EC55F8AD16D9D074D95A3B012ACE8974FEF0A71C81D3B170C35676AA373937AD047EB6724D8CE06B4FA7593952A092ADFBD005F18C667D268C4A0448791DB9C59263BBA20683D768EDD557207B861B3875847BB801ACB57A34901575C8CC8227E7345B0D31636D7E7C9FE3ADB213B6EEBB6B42455396DB0E1346FC7D914388D8E55E852AD8E2AA141DA437F66C3B1E1D89D954330D5A82D7CD7D0F4824A3092939B16ABC202471286F58AB38D0B2605D427647366D9299E48D6C831EA66DE70BE19908DB
20151104215031 2 6 100 2047 5 F047D43DE995E472590BC5C692FC459A503A45EDCBDDA5FCCF9C7CAF4BE1D0CE0520DFDC0CB4D2114262286429D425814A50287F1DD2C1EBF428C8F1EC55F8AD16D9D074D95A3B012ACE8974FEF0A71C81D3B170C35676AA373937AD047EB6724D8CE06B4FA7593952A092ADFBD005F18C667D268C4A0448791DB9C59263BBA20683D768EDD557207B861B3875847BB801ACB57A34901575C8CC8227E7345B0D31636D7E7C9FE3ADB213B6EEBB6B42455396DB0E1346FC7D914388D8E55E852AD8E2AA141DA437F66C3B1E1D89D954330D5A82D7CD7D0F4824A3092939B16ABC202471286F58AB38D0B2605D427647366D9299E48D6C831EA66DE70BE1F293CF
20151104215047 2 6 100 2047 5 F047D43DE995E472590BC5C692FC459A503A45EDCBDDA5FCCF9C7CAF4BE1D0CE0520DFDC0CB4D2114262286429D425814A50287F1DD2C1EBF428C8F1EC55F8AD16D9D074D95A3B012ACE8974FEF0A71C81D3B170C35676AA373937AD047EB6724D8CE06B4FA7593952A092ADFBD005F18C667D268C4A0448791DB9C59263BBA20683D768EDD557207B861B3875847BB801ACB57A34901575C8CC8227E7345B0D31636D7E7C9FE3ADB213B6EEBB6B42455396DB0E1346FC7D914388D8E55E852AD8E2AA141DA437F66C3B1E1D89D954330D5A82D7CD7D0F4824A3092939B16ABC202471286F58AB38D0B2605D427647366D9299E48D6C831EA66DE70BE2206ECF
20151104215103 2 6 100 2047 2 F047D43DE995E472590BC5C692FC459A503A45EDCBDDA5FCCF9C7CAF4BE1D0CE0520DFDC0CB4D2114262286429D425814A50287F1DD2C1EBF428C8F1EC55F8AD16D9D074D95A3B012ACE8974FEF0A71C81D3B170C35676AA373937AD047EB6724D8CE06B4FA7593952A092ADFBD005F18C667D268C4A0448791DB9C59263BBA20683D768EDD557207B861B3875847BB801ACB57A34901575C8CC8227E7345B0D31636D7E7C9FE3ADB213B6EEBB6B42455396DB0E1346FC7D914388D8E55E852AD8E2AA141DA437F66C3B1E1D89D954330D5A82D7CD7D0F4824A3092939B16ABC202471286F58AB38D0B2605D427647366D9299E48D6C831EA66DE70BE2493C03
20151104215220 2 6 100 2047 5 F047D43DE995E472590BC5C692FC459A503A45EDCBDDA5FCCF9C7CAF4BE1D0CE0520DFDC0CB4D2114262286429D425814A50287F1DD2C1EBF428C8F1EC55F8AD16D9D074D95A3B012ACE8974FEF0A71C81D3B170C35676AA373937AD047EB6724D8CE06B4FA7593952A092ADFBD005F18C667D268C4A0448791DB9C59263BBA20683D768EDD557207B861B3875847BB801ACB57A34901575C8CC8227E7345B0D31636D7E7C9FE3ADB213B6EEBB6B42455396DB0E1346FC7D914388D8E55E852AD8E2AA141DA437F66C3B1E1D89D954330D5A82D7CD7D0F4824A3092939B16ABC202471286F58AB38D0B2605D427647366D9299E48D6C831EA66DE70BE337161F
20151104215230 2 6 100 2047 2 F047D43DE995E472590BC5C692FC459A503A45EDCBDDA5FCCF9C7CAF4BE1D0CE0520DFDC0CB4D2114262286429D425814A50287F1DD2C1EBF428C8F1EC55F8AD16D9D074D95A3B012ACE8974FEF0A71C81D3B170C35676AA373937AD047EB6724D8CE06B4FA7593952A092ADFBD005F18C667D268C4A0448791DB9C59263BBA20683D768EDD557207B861B3875847BB801ACB57A34901575C8CC8227E7345B0D31636D7E7C9FE3ADB213B6EEBB6B42455396DB0E1346FC7D914388D8E55E852AD8E2AA141DA437F66C3B1E1D89D954330D5A82D7CD7D0F4824A3092939B16ABC202471286F58AB38D0B2605D427647366D9299E48D6C831EA66DE70BE34DBC23
20151104215313 2 6 100 2047 2 F047D43DE995E472590BC5C692FC459A503A45EDCBDDA5FCCF9C7CAF4BE1D0CE0520DFDC0CB4D2114262286429D425814A50287F1DD2C1EBF428C8F1EC55F8AD16D9D074D95A3B012ACE8974FEF0A71C81D3B170C35676AA373937AD047EB6724D8CE06B4FA7593952A092ADFBD005F18C667D268C4A0448791DB9C59263BBA20683D768EDD557207B861B3875847BB801ACB57A34901575C8CC8227E7345B0D31636D7E7C9FE3ADB213B6EEBB6B42455396DB0E1346FC7D914388D8E55E852AD8E2AA141DA437F66C3B1E1D89D954330D5A82D7CD7D0F4824A3092939B16ABC202471286F58AB38D0B2605D427647366D9299E48D6C831EA66DE70BE3D3E5EB
20151104215334 2 6 100 2047 2 F047D43DE995E472590BC5C692FC459A503A45EDCBDDA5FCCF9C7CAF4BE1D0CE0520DFDC0CB4D2114262286429D425814A50287F1DD2C1EBF428C8F1EC55F8AD16D9D074D95A3B012ACE8974FEF0A71C81D3B170C35676AA373937AD047EB6724D8CE06B4FA7593952A092ADFBD005F18C667D268C4A0448791DB9C59263BBA20683D768EDD557207B861B3875847BB801ACB57A34901575C8CC8227E7345B0D31636D7E7C9FE3ADB213B6EEBB6B42455396DB0E1346FC7D914388D8E55E852AD8E2AA141DA437F66C3B1E1D89D954330D5A82D7CD7D0F4824A3092939B16ABC202471286F58AB38D0B2605D427647366D9299E48D6C831EA66DE70BE41315BB
20151104215352 2 6 100 2047 5 F047D43DE995E472590BC5C692FC459A503A45EDCBDDA5FCCF9C7CAF4BE1D0CE0520DFDC0CB4D2114262286429D425814A50287F1DD2C1EBF428C8F1EC55F8AD16D9D074D95A3B012ACE8974FEF0A71C81D3B170C35676AA373937AD047EB6724D8CE06B4FA7593952A092ADFBD005F18C667D268C4A0448791DB9C59263BBA20683D768EDD557207B861B3875847BB801ACB57A34901575C8CC8227E7345B0D31636D7E7C9FE3ADB213B6EEBB6B42455396DB0E1346FC7D914388D8E55E852AD8E2AA141DA437F66C3B1E1D89D954330D5A82D7CD7D0F4824A3092939B16ABC202471286F58AB38D0B2605D427647366D9299E48D6C831EA66DE70BE44A864F
20151104215357 2 6 100 2047 2 F047D43DE995E472590BC5C692FC459A503A45EDCBDDA5FCCF9C7CAF4BE1D0CE0520DFDC0CB4D2114262286429D425814A50287F1DD2C1EBF428C8F1EC55F8AD16D9D074D95A3B012ACE8974FEF0A71C81D3B170C35676AA373937AD047EB6724D8CE06B4FA7593952A092ADFBD005F18C667D268C4A0448791DB9C59263BBA20683D768EDD557207B861B3875847BB801ACB57A34901575C8CC8227E7345B0D31636D7E7C9FE3ADB213B6EEBB6B42455396DB0E1346FC7D914388D8E55E852AD8E2AA141DA437F66C3B1E1D89D954330D5A82D7CD7D0F4824A3092939B16ABC202471286F58AB38D0B2605D427647366D9299E48D6C831EA66DE70BE455614B
20151104215408 2 6 100 2047 2 F047D43DE995E472590BC5C692FC459A503A45EDCBDDA5FCCF9C7CAF4BE1D0CE0520DFDC0CB4D2114262286429D425814A50287F1DD2C1EBF428C8F1EC55F8AD16D9D074D95A3B012ACE8974FEF0A71C81D3B170C35676AA373937AD047EB6724D8CE06B4FA7593952A092ADFBD005F18C667D268C4A0448791DB9C59263BBA20683D768EDD557207B861B3875847BB801ACB57A34901575C8CC8227E7345B0D31636D7E7C9FE3ADB213B6EEBB6B42455396DB0E1346FC7D914388D8E55E852AD8E2AA141DA437F66C3B1E1D89D954330D5A82D7CD7D0F4824A3092939B16ABC202471286F58AB38D0B2605D427647366D9299E48D6C831EA66DE70BE47411EB
20151104215419 2 6 100 2047 2 F047D43DE995E472590BC5C692FC459A503A45EDCBDDA5FCCF9C7CAF4BE1D0CE0520DFDC0CB4D2114262286429D425814A50287F1DD2C1EBF428C8F1EC55F8AD16D9D074D95A3B012ACE8974FEF0A71C81D3B170C35676AA373937AD047EB6724D8CE06B4FA7593952A092ADFBD005F18C667D268C4A0448791DB9C59263BBA20683D768EDD557207B861B3875847BB801ACB57A34901575C8CC8227E7345B0D31636D7E7C9FE3ADB213B6EEBB6B42455396DB0E1346FC7D914388D8E55E852AD8E2AA141DA437F66C3B1E1D89D954330D5A82D7CD7D0F4824A3092939B16ABC202471286F58AB38D0B2605D427647366D9299E48D6C831EA66DE70BE491C68B
20151104215422 2 6 100 2047 2 F047D43DE995E472590BC5C692FC459A503A45EDCBDDA5FCCF9C7CAF4BE1D0CE0520DFDC0CB4D2114262286429D425814A50287F1DD2C1EBF428C8F1EC55F8AD16D9D074D95A3B012ACE8974FEF0A71C81D3B170C35676AA373937AD047EB6724D8CE06B4FA7593952A092ADFBD005F18C667D268C4A0448791DB9C59263BBA20683D768EDD557207B861B3875847BB801ACB57A34901575C8CC8227E7345B0D31636D7E7C9FE3ADB213B6EEBB6B42455396DB0E1346FC7D914388D8E55E852AD8E2AA141DA437F66C3B1E1D89D954330D5A82D7CD7D0F4824A3092939B16ABC202471286F58AB38D0B2605D427647366D9299E48D6C831EA66DE70BE4958FD3
20151104215506 2 6 100 2047 5 F047D43DE995E472590BC5C692FC459A503A45EDCBDDA5FCCF9C7CAF4BE1D0CE0520DFDC0CB4D2114262286429D425814A50287F1DD2C1EBF428C8F1EC55F8AD16D9D074D95A3B012ACE8974FEF0A71C81D3B170C35676AA373937AD047EB6724D8CE06B4FA7593952A092ADFBD005F18C667D268C4A0448791DB9C59263BBA20683D768EDD557207B861B3875847BB801ACB57A34901575C8CC8227E7345B0D31636D7E7C9FE3ADB213B6EEBB6B42455396DB0E1346FC7D914388D8E55E852AD8E2AA141DA437F66C3B1E1D89D954330D5A82D7CD7D0F4824A3092939B16ABC202471286F58AB38D0B2605D427647366D9299E48D6C831EA66DE70BE51C1C47
20151104215515 2 6 100 2047 2 F047D43DE995E472590BC5C692FC459A503A45EDCBDDA5FCCF9C7CAF4BE1D0CE0520DFDC0CB4D2114262286429D425814A50287F1DD2C1EBF428C8F1EC55F8AD16D9D074D95A3B012ACE8974FEF0A71C81D3B170C35676AA373937AD047EB6724D8CE06B4FA7593952A092ADFBD005F18C667D268C4A0448791DB9C59263BBA20683D768EDD557207B861B3875847BB801ACB57A34901575C8CC8227E7345B0D31636D7E7C9FE3ADB213B6EEBB6B42455396DB0E1346FC7D914388D8E55E852AD8E2AA141DA437F66C3B1E1D89D954330D5A82D7CD7D0F4824A3092939B16ABC202471286F58AB38D0B2605D427647366D9299E48D6C831EA66DE70BE52ED6FB
20151104215518 2 6 100 2047 5 F047D43DE995E472590BC5C692FC459A503A45EDCBDDA5FCCF9C7CAF4BE1D0CE0520DFDC0CB4D2114262286429D425814A50287F1DD2C1EBF428C8F1EC55F8AD16D9D074D95A3B012ACE8974FEF0A71C81D3B170C35676AA373937AD047EB6724D8CE06B4FA7593952A092ADFBD005F18C667D268C4A0448791DB9C59263BBA20683D768EDD557207B861B3875847BB801ACB57A34901575C8CC8227E7345B0D31636D7E7C9FE3ADB213B6EEBB6B42455396DB0E1346FC7D914388D8E55E852AD8E2AA141DA437F66C3B1E1D89D954330D5A82D7CD7D0F4824A3092939B16ABC202471286F58AB38D0B2605D427647366D9299E48D6C831EA66DE70BE53196B7
20151104215541 2 6 100 2047 2 F047D43DE995E472590BC5C692FC459A503A45EDCBDDA5FCCF9C7CAF4BE1D0CE0520DFDC0CB4D2114262286429D425814A50287F1DD2C1EBF428C8F1EC55F8AD16D9D074D95A3B012ACE8974FEF0A71C81D3B170C35676AA373937AD047EB6724D8CE06B4FA7593952A092ADFBD005F18C667D268C4A0448791DB9C59263BBA20683D768EDD557207B861B3875847BB801ACB57A34901575C8CC8227E7345B0D31636D7E7C9FE3ADB213B6EEBB6B42455396DB0E1346FC7D914388D8E55E852AD8E2AA141DA437F66C3B1E1D89D954330D5A82D7CD7D0F4824A3092939B16ABC202471286F58AB38D0B2605D427647366D9299E48D6C831EA66DE70BE5765ADB
20151104215629 2 6 100 2047 2 F047D43DE995E472590BC5C692FC459A503A45EDCBDDA5FCCF9C7CAF4BE1D0CE0520DFDC0CB4D2114262286429D425814A50287F1DD2C1EBF428C8F1EC55F8AD16D9D074D95A3B012ACE8974FEF0A71C81D3B170C35676AA373937AD047EB6724D8CE06B4FA7593952A092ADFBD005F18C667D268C4A0448791DB9C59263BBA20683D768EDD557207B861B3875847BB801ACB57A34901575C8CC8227E7345B0D31636D7E7C9FE3ADB213B6EEBB6B42455396DB0E1346FC7D914388D8E55E852AD8E2AA141DA437F66C3B1E1D89D954330D5A82D7CD7D0F4824A3092939B16ABC202471286F58AB38D0B2605D427647366D9299E48D6C831EA66DE70BE6079F3B
20151104215635 2 6 100 2047 2 F047D43DE995E472590BC5C692FC459A503A45EDCBDDA5FCCF9C7CAF4BE1D0CE0520DFDC0CB4D2114262286429D425814A50287F1DD2C1EBF428C8F1EC55F8AD16D9D074D95A3B012ACE8974FEF0A71C81D3B170C35676AA373937AD047EB6724D8CE06B4FA7593952A092ADFBD005F18C667D268C4A0448791DB9C59263BBA20683D768EDD557207B861B3875847BB801ACB57A34901575C8CC8227E7345B0D31636D7E7C9FE3ADB213B6EEBB6B42455396DB0E1346FC7D914388D8E55E852AD8E2AA141DA437F66C3B1E1D89D954330D5A82D7CD7D0F4824A3092939B16ABC202471286F58AB38D0B2605D427647366D9299E48D6C831EA66DE70BE6128D93
20151104215639 2 6 100 2047 5 F047D43DE995E472590BC5C692FC459A503A45EDCBDDA5FCCF9C7CAF4BE1D0CE0520DFDC0CB4D2114262286429D425814A50287F1DD2C1EBF428C8F1EC55F8AD16D9D074D95A3B012ACE8974FEF0A71C81D3B170C35676AA373937AD047EB6724D8CE06B4FA7593952A092ADFBD005F18C667D268C4A0448791DB9C59263BBA20683D768EDD557207B861B3875847BB801ACB57A34901575C8CC8227E7345B0D31636D7E7C9FE3ADB213B6EEBB6B42455396DB0E1346FC7D914388D8E55E852AD8E2AA141DA437F66C3B1E1D89D954330D5A82D7CD7D0F4824A3092939B16ABC202471286F58AB38D0B2605D427647366D9299E48D6C831EA66DE70BE61709C7
20151104215641 2 6 100 2047 5 F047D43DE995E472590BC5C692FC459A503A45EDCBDDA5FCCF9C7CAF4BE1D0CE0520DFDC0CB4D2114262286429D425814A50287F1DD2C1EBF428C8F1EC55F8AD16D9D074D95A3B012ACE8974FEF0A71C81D3B170C35676AA373937AD047EB6724D8CE06B4FA7593952A092ADFBD005F18C667D268C4A0448791DB9C59263BBA20683D768EDD557207B861B3875847BB801ACB57A34901575C8CC8227E7345B0D31636D7E7C9FE3ADB213B6EEBB6B42455396DB0E1346FC7D914388D8E55E852AD8E2AA141DA437F66C3B1E1D89D954330D5A82D7CD7D0F4824A3092939B16ABC202471286F58AB38D0B2605D427647366D9299E48D6C831EA66DE70BE618B217
20151104215709 2 6 100 2047 5 F047D43DE995E472590BC5C692FC459A503A45EDCBDDA5FCCF9C7CAF4BE1D0CE0520DFDC0CB4D2114262286429D425814A50287F1DD2C1EBF428C8F1EC55F8AD16D9D074D95A3B012ACE8974FEF0A71C81D3B170C35676AA373937AD047EB6724D8CE06B4FA7593952A092ADFBD005F18C667D268C4A0448791DB9C59263BBA20683D768EDD557207B861B3875847BB801ACB57A34901575C8CC8227E7345B0D31636D7E7C9FE3ADB213B6EEBB6B42455396DB0E1346FC7D914388D8E55E852AD8E2AA141DA437F66C3B1E1D89D954330D5A82D7CD7D0F4824A3092939B16ABC202471286F58AB38D0B2605D427647366D9299E48D6C831EA66DE70BE66A88DF
20151104215715 2 6 100 2047 2 F047D43DE995E472590BC5C692FC459A503A45EDCBDDA5FCCF9C7CAF4BE1D0CE0520DFDC0CB4D2114262286429D425814A50287F1DD2C1EBF428C8F1EC55F8AD16D9D074D95A3B012ACE8974FEF0A71C81D3B170C35676AA373937AD047EB6724D8CE06B4FA7593952A092ADFBD005F18C667D268C4A0448791DB9C59263BBA20683D768EDD557207B861B3875847BB801ACB57A34901575C8CC8227E7345B0D31636D7E7C9FE3ADB213B6EEBB6B42455396DB0E1346FC7D914388D8E55E852AD8E2AA141DA437F66C3B1E1D89D954330D5A82D7CD7D0F4824A3092939B16ABC202471286F58AB38D0B2605D427647366D9299E48D6C831EA66DE70BE675FA23
20151104215720 2 6 100 2047 5 F047D43DE995E472590BC5C692FC459A503A45EDCBDDA5FCCF9C7CAF4BE1D0CE0520DFDC0CB4D2114262286429D425814A50287F1DD2C1EBF428C8F1EC55F8AD16D9D074D95A3B012ACE8974FEF0A71C81D3B170C35676AA373937AD047EB6724D8CE06B4FA7593952A092ADFBD005F18C667D268C4A0448791DB9C59263BBA20683D768EDD557207B861B3875847BB801ACB57A34901575C8CC8227E7345B0D31636D7E7C9FE3ADB213B6EEBB6B42455396DB0E1346FC7D914388D8E55E852AD8E2AA141DA437F66C3B1E1D89D954330D5A82D7CD7D0F4824A3092939B16ABC202471286F58AB38D0B2605D427647366D9299E48D6C831EA66DE70BE681732F
20151104215809 2 6 100 2047 2 F047D43DE995E472590BC5C692FC459A503A45EDCBDDA5FCCF9C7CAF4BE1D0CE0520DFDC0CB4D2114262286429D425814A50287F1DD2C1EBF428C8F1EC55F8AD16D9D074D95A3B012ACE8974FEF0A71C81D3B170C35676AA373937AD047EB6724D8CE06B4FA7593952A092ADFBD005F18C667D268C4A0448791DB9C59263BBA20683D768EDD557207B861B3875847BB801ACB57A34901575C8CC8227E7345B0D31636D7E7C9FE3ADB213B6EEBB6B42455396DB0E1346FC7D914388D8E55E852AD8E2AA141DA437F66C3B1E1D89D954330D5A82D7CD7D0F4824A3092939B16ABC202471286F58AB38D0B2605D427647366D9299E48D6C831EA66DE70BE7189C0B
20151104215820 2 6 100 2047 2 F047D43DE995E472590BC5C692FC459A503A45EDCBDDA5FCCF9C7CAF4BE1D0CE0520DFDC0CB4D2114262286429D425814A50287F1DD2C1EBF428C8F1EC55F8AD16D9D074D95A3B012ACE8974FEF0A71C81D3B170C35676AA373937AD047EB6724D8CE06B4FA7593952A092ADFBD005F18C667D268C4A0448791DB9C59263BBA20683D768EDD557207B861B3875847BB801ACB57A34901575C8CC8227E7345B0D31636D7E7C9FE3ADB213B6EEBB6B42455396DB0E1346FC7D914388D8E55E852AD8E2AA141DA437F66C3B1E1D89D954330D5A82D7CD7D0F4824A3092939B16ABC202471286F58AB38D0B2605D427647366D9299E48D6C831EA66DE70BE7341C33
20151104215850 2 6 100 2047 2 F047D43DE995E472590BC5C692FC459A503A45EDCBDDA5FCCF9C7CAF4BE1D0CE0520DFDC0CB4D2114262286429D425814A50287F1DD2C1EBF428C8F1EC55F8AD16D9D074D95A3B012ACE8974FEF0A71C81D3B170C35676AA373937AD047EB6724D8CE06B4FA7593952A092ADFBD005F18C667D268C4A0448791DB9C59263BBA20683D768EDD557207B861B3875847BB801ACB57A34901575C8CC8227E7345B0D31636D7E7C9FE3ADB213B6EEBB6B42455396DB0E1346FC7D914388D8E55E852AD8E2AA141DA437F66C3B1E1D89D954330D5A82D7CD7D0F4824A3092939B16ABC202471286F58AB38D0B2605D427647366D9299E48D6C831EA66DE70BE78E5ABB
20151104215917 2 6 100 2047 2 F047D43DE995E472590BC5C692FC459A503A45EDCBDDA5FCCF9C7CAF4BE1D0CE0520DFDC0CB4D2114262286429D425814A50287F1DD2C1EBF428C8F1EC55F8AD16D9D074D95A3B012ACE8974FEF0A71C81D3B170C35676AA373937AD047EB6724D8CE06B4FA7593952A092ADFBD005F18C667D268C4A0448791DB9C59263BBA20683D768EDD557207B861B3875847BB801ACB57A34901575C8CC8227E7345B0D31636D7E7C9FE3ADB213B6EEBB6B42455396DB0E1346FC7D914388D8E55E852AD8E2AA141DA437F66C3B1E1D89D954330D5A82D7CD7D0F4824A3092939B16ABC202471286F58AB38D0B2605D427647366D9299E48D6C831EA66DE70BE7DB5393
20151105000940 2 6 100 2047 5 F047D43DE995E472590BC5C692FC459A503A45EDCBDDA5FCCF9C7CAF4BE1D0CE0520DFDC0CB4D2114262286429D425814A50287F1DD2C1EBF428C8F1EC55F8AD16D9D074D95A3B012ACE8974FEF0A71C81D3B170C35676AA373937AD047EB6724D8CE06B4FA7593952A092ADFBD005F18C667D268C4A0448791DB9C59263BBA20683D768EDD557207B861B3875847BB801ACB57A34901575C8CC8227E7345B0D31636D7E7C9FE3ADB213B6EEBB6B42455396DB0E1346FC7D914388D8E55E852AD8E2AA141DA437F66C3B1E1D89D954330D5A82D7CD7D0F4824A3092939B16ABC202471286F58AB38D0B2605D427647366D9299E48D6C831EA66DE70BDFE8D2FF
20151105000943 2 6 100 2047 2 F047D43DE995E472590BC5C692FC459A503A45EDCBDDA5FCCF9C7CAF4BE1D0CE0520DFDC0CB4D2114262286429D425814A50287F1DD2C1EBF428C8F1EC55F8AD16D9D074D95A3B012ACE8974FEF0A71C81D3B170C35676AA373937AD047EB6724D8CE06B4FA7593952A092ADFBD005F18C667D268C4A0448791DB9C59263BBA20683D768EDD557207B861B3875847BB801ACB57A34901575C8CC8227E7345B0D31636D7E7C9FE3ADB213B6EEBB6B42455396DB0E1346FC7D914388D8E55E852AD8E2AA141DA437F66C3B1E1D89D954330D5A82D7CD7D0F4824A3092939B16ABC202471286F58AB38D0B2605D427647366D9299E48D6C831EA66DE70BDFE95E73
20151105001008 2 6 100 2047 5 F047D43DE995E472590BC5C692FC459A503A45EDCBDDA5FCCF9C7CAF4BE1D0CE0520DFDC0CB4D2114262286429D425814A50287F1DD2C1EBF428C8F1EC55F8AD16D9D074D95A3B012ACE8974FEF0A71C81D3B170C35676AA373937AD047EB6724D8CE06B4FA7593952A092ADFBD005F18C667D268C4A0448791DB9C59263BBA20683D768EDD557207B861B3875847BB801ACB57A34901575C8CC8227E7345B0D31636D7E7C9FE3ADB213B6EEBB6B42455396DB0E1346FC7D914388D8E55E852AD8E2AA141DA437F66C3B1E1D89D954330D5A82D7CD7D0F4824A3092939B16ABC202471286F58AB38D0B2605D427647366D9299E48D6C831EA66DE70BE0394A1F
20151105001015 2 6 100 2047 2 F047D43DE995E472590BC5C692FC459A503A45EDCBDDA5FCCF9C7CAF4BE1D0CE0520DFDC0CB4D2114262286429D425814A50287F1DD2C1EBF428C8F1EC55F8AD16D9D074D95A3B012ACE8974FEF0A71C81D3B170C35676AA373937AD047EB6724D8CE06B4FA7593952A092ADFBD005F18C667D268C4A0448791DB9C59263BBA20683D768EDD557207B861B3875847BB801ACB57A34901575C8CC8227E7345B0D31636D7E7C9FE3ADB213B6EEBB6B42455396DB0E1346FC7D914388D8E55E852AD8E2AA141DA437F66C3B1E1D89D954330D5A82D7CD7D0F4824A3092939B16ABC202471286F58AB38D0B2605D427647366D9299E48D6C831EA66DE70BE048442B
20151105001025 2 6 100 2047 2 F047D43DE995E472590BC5C692FC459A503A45EDCBDDA5FCCF9C7CAF4BE1D0CE0520DFDC0CB4D2114262286429D425814A50287F1DD2C1EBF428C8F1EC55F8AD16D9D074D95A3B012ACE8974FEF0A71C81D3B170C35676AA373937AD047EB6724D8CE06B4FA7593952A092ADFBD005F18C667D268C4A0448791DB9C59263BBA20683D768EDD557207B861B3875847BB801ACB57A34901575C8CC8227E7345B0D31636D7E7C9FE3ADB213B6EEBB6B42455396DB0E1346FC7D914388D8E55E852AD8E2AA141DA437F66C3B1E1D89D954330D5A82D7CD7D0F4824A3092939B16ABC202471286F58AB38D0B2605D427647366D9299E48D6C831EA66DE70BE060FF4B
20151105001038 2 6 100 2047 2 F047D43DE995E472590BC5C692FC459A503A45EDCBDDA5FCCF9C7CAF4BE1D0CE0520DFDC0CB4D2114262286429D425814A50287F1DD2C1EBF428C8F1EC55F8AD16D9D074D95A3B012ACE8974FEF0A71C81D3B170C35676AA373937AD047EB6724D8CE06B4FA7593952A092ADFBD005F18C667D268C4A0448791DB9C59263BBA20683D768EDD557207B861B3875847BB801ACB57A34901575C8CC8227E7345B0D31636D7E7C9FE3ADB213B6EEBB6B42455396DB0E1346FC7D914388D8E55E852AD8E2AA141DA437F66C3B1E1D89D954330D5A82D7CD7D0F4824A3092939B16ABC202471286F58AB38D0B2605D427647366D9299E48D6C831EA66DE70BE08445AB
20151105001045 2 6 100 2047 5 F047D43DE995E472590BC5C692FC459A503A45EDCBDDA5FCCF9C7CAF4BE1D0CE0520DFDC0CB4D2114262286429D425814A50287F1DD2C1EBF428C8F1EC55F8AD16D9D074D95A3B012ACE8974FEF0A71C81D3B170C35676AA373937AD047EB6724D8CE06B4FA7593952A092ADFBD005F18C667D268C4A0448791DB9C59263BBA20683D768EDD557207B861B3875847BB801ACB57A34901575C8CC8227E7345B0D31636D7E7C9FE3ADB213B6EEBB6B42455396DB0E1346FC7D914388D8E55E852AD8E2AA141DA437F66C3B1E1D89D954330D5A82D7CD7D0F4824A3092939B16ABC202471286F58AB38D0B2605D427647366D9299E48D6C831EA66DE70BE0978D77
20151105001116 2 6 100 2047 2 F047D43DE995E472590BC5C692FC459A503A45EDCBDDA5FCCF9C7CAF4BE1D0CE0520DFDC0CB4D2114262286429D425814A50287F1DD2C1EBF428C8F1EC55F8AD16D9D074D95A3B012ACE8974FEF0A71C81D3B170C35676AA373937AD047EB6724D8CE06B4FA7593952A092ADFBD005F18C667D268C4A0448791DB9C59263BBA20683D768EDD557207B861B3875847BB801ACB57A34901575C8CC8227E7345B0D31636D7E7C9FE3ADB213B6EEBB6B42455396DB0E1346FC7D914388D8E55E852AD8E2AA141DA437F66C3B1E1D89D954330D5A82D7CD7D0F4824A3092939B16ABC202471286F58AB38D0B2605D427647366D9299E48D6C831EA66DE70BE0F3658B
20151105001144 2 6 100 2047 2 F047D43DE995E472590BC5C692FC459A503A45EDCBDDA5FCCF9C7CAF4BE1D0CE0520DFDC0CB4D2114262286429D425814A50287F1DD2C1EBF428C8F1EC55F8AD16D9D074D95A3B012ACE8974FEF0A71C81D3B170C35676AA373937AD047EB6724D8CE06B4FA7593952A092ADFBD005F18C667D268C4A0448791DB9C59263BBA20683D768EDD557207B861B3875847BB801ACB57A34901575C8CC8227E7345B0D31636D7E7C9FE3ADB213B6EEBB6B42455396DB0E1346FC7D914388D8E55E852AD8E2AA141DA437F66C3B1E1D89D954330D5A82D7CD7D0F4824A3092939B16ABC202471286F58AB38D0B2605D427647366D9299E48D6C831EA66DE70BE147283B
20151105001151 2 6 100 2047 2 F047D43DE995E472590BC5C692FC459A503A45EDCBDDA5FCCF9C7CAF4BE1D0CE0520DFDC0CB4D2114262286429D425814A50287F1DD2C1EBF428C8F1EC55F8AD16D9D074D95A3B012ACE8974FEF0A71C81D3B170C35676AA373937AD047EB6724D8CE06B4FA7593952A092ADFBD005F18C667D268C4A0448791DB9C59263BBA20683D768EDD557207B861B3875847BB801ACB57A34901575C8CC8227E7345B0D31636D7E7C9FE3ADB213B6EEBB6B42455396DB0E1346FC7D914388D8E55E852AD8E2AA141DA437F66C3B1E1D89D954330D5A82D7CD7D0F4824A3092939B16ABC202471286F58AB38D0B2605D427647366D9299E48D6C831EA66DE70BE1553D33
20151105001213 2 6 100 2047 2 F047D43DE995E472590BC5C692FC459A503A45EDCBDDA5FCCF9C7CAF4BE1D0CE0520DFDC0CB4D2114262286429D425814A50287F1DD2C1EBF428C8F1EC55F8AD16D9D074D95A3B012ACE8974FEF0A71C81D3B170C35676AA373937AD047EB6724D8CE06B4FA7593952A092ADFBD005F18C667D268C4A0448791DB9C59263BBA20683D768EDD557207B861B3875847BB801ACB57A34901575C8CC8227E7345B0D31636D7E7C9FE3ADB213B6EEBB6B42455396DB0E1346FC7D914388D8E55E852AD8E2AA141DA437F66C3B1E1D89D954330D5A82D7CD7D0F4824A3092939B16ABC202471286F58AB38D0B2605D427647366D9299E48D6C831EA66DE70BE191CC5B
20151105001218 2 6 100 2047 2 F047D43DE995E472590BC5C692FC459A503A45EDCBDDA5FCCF9C7CAF4BE1D0CE0520DFDC0CB4D2114262286429D425814A50287F1DD2C1EBF428C8F1EC55F8AD16D9D074D95A3B012ACE8974FEF0A71C81D3B170C35676AA373937AD047EB6724D8CE06B4FA7593952A092ADFBD005F18C667D268C4A0448791DB9C59263BBA20683D768EDD557207B861B3875847BB801ACB57A34901575C8CC8227E7345B0D31636D7E7C9FE3ADB213B6EEBB6B42455396DB0E1346FC7D914388D8E55E852AD8E2AA141DA437F66C3B1E1D89D954330D5A82D7CD7D0F4824A3092939B16ABC202471286F58AB38D0B2605D427647366D9299E48D6C831EA66DE70BE19908DB
20151105001251 2 6 100 2047 5 F047D43DE995E472590BC5C692FC459A503A45EDCBDDA5FCCF9C7CAF4BE1D0CE0520DFDC0CB4D2114262286429D425814A50287F1DD2C1EBF428C8F1EC55F8AD16D9D074D95A3B012ACE8974FEF0A71C81D3B170C35676AA373937AD047EB6724D8CE06B4FA7593952A092ADFBD005F18C667D268C4A0448791DB9C59263BBA20683D768EDD557207B861B3875847BB801ACB57A34901575C8CC8227E7345B0D31636D7E7C9FE3ADB213B6EEBB6B42455396DB0E1346FC7D914388D8E55E852AD8E2AA141DA437F66C3B1E1D89D954330D5A82D7CD7D0F4824A3092939B16ABC202471286F58AB38D0B2605D427647366D9299E48D6C831EA66DE70BE1F293CF
20151105001307 2 6 100 2047 5 F047D43DE995E472590BC5C692FC459A503A45EDCBDDA5FCCF9C7CAF4BE1D0CE0520DFDC0CB4D2114262286429D425814A50287F1DD2C1EBF428C8F1EC55F8AD16D9D074D95A3B012ACE8974FEF0A71C81D3B170C35676AA373937AD047EB6724D8CE06B4FA7593952A092ADFBD005F18C667D268C4A0448791DB9C59263BBA20683D768EDD557207B861B3875847BB801ACB57A34901575C8CC8227E7345B0D31636D7E7C9FE3ADB213B6EEBB6B42455396DB0E1346FC7D914388D8E55E852AD8E2AA141DA437F66C3B1E1D89D954330D5A82D7CD7D0F4824A3092939B16ABC202471286F58AB38D0B2605D427647366D9299E48D6C831EA66DE70BE2206ECF
20151105001322 2 6 100 2047 2 F047D43DE995E472590BC5C692FC459A503A45EDCBDDA5FCCF9C7CAF4BE1D0CE0520DFDC0CB4D2114262286429D425814A50287F1DD2C1EBF428C8F1EC55F8AD16D9D074D95A3B012ACE8974FEF0A71C81D3B170C35676AA373937AD047EB6724D8CE06B4FA7593952A092ADFBD005F18C667D268C4A0448791DB9C59263BBA20683D768EDD557207B861B3875847BB801ACB57A34901575C8CC8227E7345B0D31636D7E7C9FE3ADB213B6EEBB6B42455396DB0E1346FC7D914388D8E55E852AD8E2AA141DA437F66C3B1E1D89D954330D5A82D7CD7D0F4824A3092939B16ABC202471286F58AB38D0B2605D427647366D9299E48D6C831EA66DE70BE2493C03
20151105001439 2 6 100 2047 5 F047D43DE995E472590BC5C692FC459A503A45EDCBDDA5FCCF9C7CAF4BE1D0CE0520DFDC0CB4D2114262286429D425814A50287F1DD2C1EBF428C8F1EC55F8AD16D9D074D95A3B012ACE8974FEF0A71C81D3B170C35676AA373937AD047EB6724D8CE06B4FA7593952A092ADFBD005F18C667D268C4A0448791DB9C59263BBA20683D768EDD557207B861B3875847BB801ACB57A34901575C8CC8227E7345B0D31636D7E7C9FE3ADB213B6EEBB6B42455396DB0E1346FC7D914388D8E55E852AD8E2AA141DA437F66C3B1E1D89D954330D5A82D7CD7D0F4824A3092939B16ABC202471286F58AB38D0B2605D427647366D9299E48D6C831EA66DE70BE337161F
20151105001449 2 6 100 2047 2 F047D43DE995E472590BC5C692FC459A503A45EDCBDDA5FCCF9C7CAF4BE1D0CE0520DFDC0CB4D2114262286429D425814A50287F1DD2C1EBF428C8F1EC55F8AD16D9D074D95A3B012ACE8974FEF0A71C81D3B170C35676AA373937AD047EB6724D8CE06B4FA7593952A092ADFBD005F18C667D268C4A0448791DB9C59263BBA20683D768EDD557207B861B3875847BB801ACB57A34901575C8CC8227E7345B0D31636D7E7C9FE3ADB213B6EEBB6B42455396DB0E1346FC7D914388D8E55E852AD8E2AA141DA437F66C3B1E1D89D954330D5A82D7CD7D0F4824A3092939B16ABC202471286F58AB38D0B2605D427647366D9299E48D6C831EA66DE70BE34DBC23
20151105001538 2 6 100 2047 2 F047D43DE995E472590BC5C692FC459A503A45EDCBDDA5FCCF9C7CAF4BE1D0CE0520DFDC0CB4D2114262286429D425814A50287F1DD2C1EBF428C8F1EC55F8AD16D9D074D95A3B012ACE8974FEF0A71C81D3B170C35676AA373937AD047EB6724D8CE06B4FA7593952A092ADFBD005F18C667D268C4A0448791DB9C59263BBA20683D768EDD557207B861B3875847BB801ACB57A34901575C8CC8227E7345B0D31636D7E7C9FE3ADB213B6EEBB6B42455396DB0E1346FC7D914388D8E55E852AD8E2AA141DA437F66C3B1E1D89D954330D5A82D7CD7D0F4824A3092939B16ABC202471286F58AB38D0B2605D427647366D9299E48D6C831EA66DE70BE3D3E5EB
20151105001600 2 6 100 2047 2 F047D43DE995E472590BC5C692FC459A503A45EDCBDDA5FCCF9C7CAF4BE1D0CE0520DFDC0CB4D2114262286429D425814A50287F1DD2C1EBF428C8F1EC55F8AD16D9D074D95A3B012ACE8974FEF0A71C81D3B170C35676AA373937AD047EB6724D8CE06B4FA7593952A092ADFBD005F18C667D268C4A0448791DB9C59263BBA20683D768EDD557207B861B3875847BB801ACB57A34901575C8CC8227E7345B0D31636D7E7C9FE3ADB213B6EEBB6B42455396DB0E1346FC7D914388D8E55E852AD8E2AA141DA437F66C3B1E1D89D954330D5A82D7CD7D0F4824A3092939B16ABC202471286F58AB38D0B2605D427647366D9299E48D6C831EA66DE70BE41315BB
20151105001620 2 6 100 2047 5 F047D43DE995E472590BC5C692FC459A503A45EDCBDDA5FCCF9C7CAF4BE1D0CE0520DFDC0CB4D2114262286429D425814A50287F1DD2C1EBF428C8F1EC55F8AD16D9D074D95A3B012ACE8974FEF0A71C81D3B170C35676AA373937AD047EB6724D8CE06B4FA7593952A092ADFBD005F18C667D268C4A0448791DB9C59263BBA20683D768EDD557207B861B3875847BB801ACB57A34901575C8CC8227E7345B0D31636D7E7C9FE3ADB213B6EEBB6B42455396DB0E1346FC7D914388D8E55E852AD8E2AA141DA437F66C3B1E1D89D954330D5A82D7CD7D0F4824A3092939B16ABC202471286F58AB38D0B2605D427647366D9299E48D6C831EA66DE70BE44A864F
20151105001625 2 6 100 2047 2 F047D43DE995E472590BC5C692FC459A503A45EDCBDDA5FCCF9C7CAF4BE1D0CE0520DFDC0CB4D2114262286429D425814A50287F1DD2C1EBF428C8F1EC55F8AD16D9D074D95A3B012ACE8974FEF0A71C81D3B170C35676AA373937AD047EB6724D8CE06B4FA7593952A092ADFBD005F18C667D268C4A0448791DB9C59263BBA20683D768EDD557207B861B3875847BB801ACB57A34901575C8CC8227E7345B0D31636D7E7C9FE3ADB213B6EEBB6B42455396DB0E1346FC7D914388D8E55E852AD8E2AA141DA437F66C3B1E1D89D954330D5A82D7CD7D0F4824A3092939B16ABC202471286F58AB38D0B2605D427647366D9299E48D6C831EA66DE70BE455614B
20151105001637 2 6 100 2047 2 F047D43DE995E472590BC5C692FC459A503A45EDCBDDA5FCCF9C7CAF4BE1D0CE0520DFDC0CB4D2114262286429D425814A50287F1DD2C1EBF428C8F1EC55F8AD16D9D074D95A3B012ACE8974FEF0A71C81D3B170C35676AA373937AD047EB6724D8CE06B4FA7593952A092ADFBD005F18C667D268C4A0448791DB9C59263BBA20683D768EDD557207B861B3875847BB801ACB57A34901575C8CC8227E7345B0D31636D7E7C9FE3ADB213B6EEBB6B42455396DB0E1346FC7D914388D8E55E852AD8E2AA141DA437F66C3B1E1D89D954330D5A82D7CD7D0F4824A3092939B16ABC202471286F58AB38D0B2605D427647366D9299E48D6C831EA66DE70BE47411EB
20151105001648 2 6 100 2047 2 F047D43DE995E472590BC5C692FC459A503A45EDCBDDA5FCCF9C7CAF4BE1D0CE0520DFDC0CB4D2114262286429D425814A50287F1DD2C1EBF428C8F1EC55F8AD16D9D074D95A3B012ACE8974FEF0A71C81D3B170C35676AA373937AD047EB6724D8CE06B4FA7593952A092ADFBD005F18C667D268C4A0448791DB9C59263BBA20683D768EDD557207B861B3875847BB801ACB57A34901575C8CC8227E7345B0D31636D7E7C9FE3ADB213B6EEBB6B42455396DB0E1346FC7D914388D8E55E852AD8E2AA141DA437F66C3B1E1D89D954330D5A82D7CD7D0F4824A3092939B16ABC202471286F58AB38D0B2605D427647366D9299E48D6C831EA66DE70BE491C68B
20151105001651 2 6 100 2047 2 F047D43DE995E472590BC5C692FC459A503A45EDCBDDA5FCCF9C7CAF4BE1D0CE0520DFDC0CB4D2114262286429D425814A50287F1DD2C1EBF428C8F1EC55F8AD16D9D074D95A3B012ACE8974FEF0A71C81D3B170C35676AA373937AD047EB6724D8CE06B4FA7593952A092ADFBD005F18C667D268C4A0448791DB9C59263BBA20683D768EDD557207B861B3875847BB801ACB57A34901575C8CC8227E7345B0D31636D7E7C9FE3ADB213B6EEBB6B42455396DB0E1346FC7D914388D8E55E852AD8E2AA141DA437F66C3B1E1D89D954330D5A82D7CD7D0F4824A3092939B16ABC202471286F58AB38D0B2605D427647366D9299E48D6C831EA66DE70BE4958FD3
20151105001737 2 6 100 2047 5 F047D43DE995E472590BC5C692FC459A503A45EDCBDDA5FCCF9C7CAF4BE1D0CE0520DFDC0CB4D2114262286429D425814A50287F1DD2C1EBF428C8F1EC55F8AD16D9D074D95A3B012ACE8974FEF0A71C81D3B170C35676AA373937AD047EB6724D8CE06B4FA7593952A092ADFBD005F18C667D268C4A0448791DB9C59263BBA20683D768EDD557207B861B3875847BB801ACB57A34901575C8CC8227E7345B0D31636D7E7C9FE3ADB213B6EEBB6B42455396DB0E1346FC7D914388D8E55E852AD8E2AA141DA437F66C3B1E1D89D954330D5A82D7CD7D0F4824A3092939B16ABC202471286F58AB38D0B2605D427647366D9299E48D6C831EA66DE70BE51C1C47
20151105001745 2 6 100 2047 2 F047D43DE995E472590BC5C692FC459A503A45EDCBDDA5FCCF9C7CAF4BE1D0CE0520DFDC0CB4D2114262286429D425814A50287F1DD2C1EBF428C8F1EC55F8AD16D9D074D95A3B012ACE8974FEF0A71C81D3B170C35676AA373937AD047EB6724D8CE06B4FA7593952A092ADFBD005F18C667D268C4A0448791DB9C59263BBA20683D768EDD557207B861B3875847BB801ACB57A34901575C8CC8227E7345B0D31636D7E7C9FE3ADB213B6EEBB6B42455396DB0E1346FC7D914388D8E55E852AD8E2AA141DA437F66C3B1E1D89D954330D5A82D7CD7D0F4824A3092939B16ABC202471286F58AB38D0B2605D427647366D9299E48D6C831EA66DE70BE52ED6FB
20151105001748 2 6 100 2047 5 F047D43DE995E472590BC5C692FC459A503A45EDCBDDA5FCCF9C7CAF4BE1D0CE0520DFDC0CB4D2114262286429D425814A50287F1DD2C1EBF428C8F1EC55F8AD16D9D074D95A3B012ACE8974FEF0A71C81D3B170C35676AA373937AD047EB6724D8CE06B4FA7593952A092ADFBD005F18C667D268C4A0448791DB9C59263BBA20683D768EDD557207B861B3875847BB801ACB57A34901575C8CC8227E7345B0D31636D7E7C9FE3ADB213B6EEBB6B42455396DB0E1346FC7D914388D8E55E852AD8E2AA141DA437F66C3B1E1D89D954330D5A82D7CD7D0F4824A3092939B16ABC202471286F58AB38D0B2605D427647366D9299E48D6C831EA66DE70BE53196B7
20151105001814 2 6 100 2047 2 F047D43DE995E472590BC5C692FC459A503A45EDCBDDA5FCCF9C7CAF4BE1D0CE0520DFDC0CB4D2114262286429D425814A50287F1DD2C1EBF428C8F1EC55F8AD16D9D074D95A3B012ACE8974FEF0A71C81D3B170C35676AA373937AD047EB6724D8CE06B4FA7593952A092ADFBD005F18C667D268C4A0448791DB9C59263BBA20683D768EDD557207B861B3875847BB801ACB57A34901575C8CC8227E7345B0D31636D7E7C9FE3ADB213B6EEBB6B42455396DB0E1346FC7D914388D8E55E852AD8E2AA141DA437F66C3B1E1D89D954330D5A82D7CD7D0F4824A3092939B16ABC202471286F58AB38D0B2605D427647366D9299E48D6C831EA66DE70BE5765ADB
20151105001902 2 6 100 2047 2 F047D43DE995E472590BC5C692FC459A503A45EDCBDDA5FCCF9C7CAF4BE1D0CE0520DFDC0CB4D2114262286429D425814A50287F1DD2C1EBF428C8F1EC55F8AD16D9D074D95A3B012ACE8974FEF0A71C81D3B170C35676AA373937AD047EB6724D8CE06B4FA7593952A092ADFBD005F18C667D268C4A0448791DB9C59263BBA20683D768EDD557207B861B3875847BB801ACB57A34901575C8CC8227E7345B0D31636D7E7C9FE3ADB213B6EEBB6B42455396DB0E1346FC7D914388D8E55E852AD8E2AA141DA437F66C3B1E1D89D954330D5A82D7CD7D0F4824A3092939B16ABC202471286F58AB38D0B2605D427647366D9299E48D6C831EA66DE70BE6079F3B
20151105001908 2 6 100 2047 2 F047D43DE995E472590BC5C692FC459A503A45EDCBDDA5FCCF9C7CAF4BE1D0CE0520DFDC0CB4D2114262286429D425814A50287F1DD2C1EBF428C8F1EC55F8AD16D9D074D95A3B012ACE8974FEF0A71C81D3B170C35676AA373937AD047EB6724D8CE06B4FA7593952A092ADFBD005F18C667D268C4A0448791DB9C59263BBA20683D768EDD557207B861B3875847BB801ACB57A34901575C8CC8227E7345B0D31636D7E7C9FE3ADB213B6EEBB6B42455396DB0E1346FC7D914388D8E55E852AD8E2AA141DA437F66C3B1E1D89D954330D5A82D7CD7D0F4824A3092939B16ABC202471286F58AB38D0B2605D427647366D9299E48D6C831EA66DE70BE6128D93
20151105001912 2 6 100 2047 5 F047D43DE995E472590BC5C692FC459A503A45EDCBDDA5FCCF9C7CAF4BE1D0CE0520DFDC0CB4D2114262286429D425814A50287F1DD2C1EBF428C8F1EC55F8AD16D9D074D95A3B012ACE8974FEF0A71C81D3B170C35676AA373937AD047EB6724D8CE06B4FA7593952A092ADFBD005F18C667D268C4A0448791DB9C59263BBA20683D768EDD557207B861B3875847BB801ACB57A34901575C8CC8227E7345B0D31636D7E7C9FE3ADB213B6EEBB6B42455396DB0E1346FC7D914388D8E55E852AD8E2AA141DA437F66C3B1E1D89D954330D5A82D7CD7D0F4824A3092939B16ABC202471286F58AB38D0B2605D427647366D9299E48D6C831EA66DE70BE61709C7
20151105001914 2 6 100 2047 5 F047D43DE995E472590BC5C692FC459A503A45EDCBDDA5FCCF9C7CAF4BE1D0CE0520DFDC0CB4D2114262286429D425814A50287F1DD2C1EBF428C8F1EC55F8AD16D9D074D95A3B012ACE8974FEF0A71C81D3B170C35676AA373937AD047EB6724D8CE06B4FA7593952A092ADFBD005F18C667D268C4A0448791DB9C59263BBA20683D768EDD557207B861B3875847BB801ACB57A34901575C8CC8227E7345B0D31636D7E7C9FE3ADB213B6EEBB6B42455396DB0E1346FC7D914388D8E55E852AD8E2AA141DA437F66C3B1E1D89D954330D5A82D7CD7D0F4824A3092939B16ABC202471286F58AB38D0B2605D427647366D9299E48D6C831EA66DE70BE618B217
20151105001942 2 6 100 2047 5 F047D43DE995E472590BC5C692FC459A503A45EDCBDDA5FCCF9C7CAF4BE1D0CE0520DFDC0CB4D2114262286429D425814A50287F1DD2C1EBF428C8F1EC55F8AD16D9D074D95A3B012ACE8974FEF0A71C81D3B170C35676AA373937AD047EB6724D8CE06B4FA7593952A092ADFBD005F18C667D268C4A0448791DB9C59263BBA20683D768EDD557207B861B3875847BB801ACB57A34901575C8CC8227E7345B0D31636D7E7C9FE3ADB213B6EEBB6B42455396DB0E1346FC7D914388D8E55E852AD8E2AA141DA437F66C3B1E1D89D954330D5A82D7CD7D0F4824A3092939B16ABC202471286F58AB38D0B2605D427647366D9299E48D6C831EA66DE70BE66A88DF
20151105001948 2 6 100 2047 2 F047D43DE995E472590BC5C692FC459A503A45EDCBDDA5FCCF9C7CAF4BE1D0CE0520DFDC0CB4D2114262286429D425814A50287F1DD2C1EBF428C8F1EC55F8AD16D9D074D95A3B012ACE8974FEF0A71C81D3B170C35676AA373937AD047EB6724D8CE06B4FA7593952A092ADFBD005F18C667D268C4A0448791DB9C59263BBA20683D768EDD557207B861B3875847BB801ACB57A34901575C8CC8227E7345B0D31636D7E7C9FE3ADB213B6EEBB6B42455396DB0E1346FC7D914388D8E55E852AD8E2AA141DA437F66C3B1E1D89D954330D5A82D7CD7D0F4824A3092939B16ABC202471286F58AB38D0B2605D427647366D9299E48D6C831EA66DE70BE675FA23
20151105001954 2 6 100 2047 5 F047D43DE995E472590BC5C692FC459A503A45EDCBDDA5FCCF9C7CAF4BE1D0CE0520DFDC0CB4D2114262286429D425814A50287F1DD2C1EBF428C8F1EC55F8AD16D9D074D95A3B012ACE8974FEF0A71C81D3B170C35676AA373937AD047EB6724D8CE06B4FA7593952A092ADFBD005F18C667D268C4A0448791DB9C59263BBA20683D768EDD557207B861B3875847BB801ACB57A34901575C8CC8227E7345B0D31636D7E7C9FE3ADB213B6EEBB6B42455396DB0E1346FC7D914388D8E55E852AD8E2AA141DA437F66C3B1E1D89D954330D5A82D7CD7D0F4824A3092939B16ABC202471286F58AB38D0B2605D427647366D9299E48D6C831EA66DE70BE681732F
20151105002044 2 6 100 2047 2 F047D43DE995E472590BC5C692FC459A503A45EDCBDDA5FCCF9C7CAF4BE1D0CE0520DFDC0CB4D2114262286429D425814A50287F1DD2C1EBF428C8F1EC55F8AD16D9D074D95A3B012ACE8974FEF0A71C81D3B170C35676AA373937AD047EB6724D8CE06B4FA7593952A092ADFBD005F18C667D268C4A0448791DB9C59263BBA20683D768EDD557207B861B3875847BB801ACB57A34901575C8CC8227E7345B0D31636D7E7C9FE3ADB213B6EEBB6B42455396DB0E1346FC7D914388D8E55E852AD8E2AA141DA437F66C3B1E1D89D954330D5A82D7CD7D0F4824A3092939B16ABC202471286F58AB38D0B2605D427647366D9299E48D6C831EA66DE70BE7189C0B
20151105002056 2 6 100 2047 2 F047D43DE995E472590BC5C692FC459A503A45EDCBDDA5FCCF9C7CAF4BE1D0CE0520DFDC0CB4D2114262286429D425814A50287F1DD2C1EBF428C8F1EC55F8AD16D9D074D95A3B012ACE8974FEF0A71C81D3B170C35676AA373937AD047EB6724D8CE06B4FA7593952A092ADFBD005F18C667D268C4A0448791DB9C59263BBA20683D768EDD557207B861B3875847BB801ACB57A34901575C8CC8227E7345B0D31636D7E7C9FE3ADB213B6EEBB6B42455396DB0E1346FC7D914388D8E55E852AD8E2AA141DA437F66C3B1E1D89D954330D5A82D7CD7D0F4824A3092939B16ABC202471286F58AB38D0B2605D427647366D9299E48D6C831EA66DE70BE7341C33
20151105002127 2 6 100 2047 2 F047D43DE995E472590BC5C692FC459A503A45EDCBDDA5FCCF9C7CAF4BE1D0CE0520DFDC0CB4D2114262286429D425814A50287F1DD2C1EBF428C8F1EC55F8AD16D9D074D95A3B012ACE8974FEF0A71C81D3B170C35676AA373937AD047EB6724D8CE06B4FA7593952A092ADFBD005F18C667D268C4A0448791DB9C59263BBA20683D768EDD557207B861B3875847BB801ACB57A34901575C8CC8227E7345B0D31636D7E7C9FE3ADB213B6EEBB6B42455396DB0E1346FC7D914388D8E55E852AD8E2AA141DA437F66C3B1E1D89D954330D5A82D7CD7D0F4824A3092939B16ABC202471286F58AB38D0B2605D427647366D9299E48D6C831EA66DE70BE78E5ABB
20151105002152 2 6 100 2047 2 F047D43DE995E472590BC5C692FC459A503A45EDCBDDA5FCCF9C7CAF4BE1D0CE0520DFDC0CB4D2114262286429D425814A50287F1DD2C1EBF428C8F1EC55F8AD16D9D074D95A3B012ACE8974FEF0A71C81D3B170C35676AA373937AD047EB6724D8CE06B4FA7593952A092ADFBD005F18C667D268C4A0448791DB9C59263BBA20683D768EDD557207B861B3875847BB801ACB57A34901575C8CC8227E7345B0D31636D7E7C9FE3ADB213B6EEBB6B42455396DB0E1346FC7D914388D8E55E852AD8E2AA141DA437F66C3B1E1D89D954330D5A82D7CD7D0F4824A3092939B16ABC202471286F58AB38D0B2605D427647366D9299E48D6C831EA66DE70BE7DB5393
